inetnum:            172.23.2.64 - 172.23.2.127
netname:            186526-IPV4
remarks:            186526 Network IPV4 backbone addresses
descr:              186526 Network IPV4 backbone addresses
country:            CN
admin-c:            186526-DN42
tech-c:             186526-DN42
mnt-by:             186526-MNT
nserver:            ns1.186526.dn42
nserver:            ns2.186526.dn42
status:             ASSIGNED
cidr:               172.23.2.64/26
source:             DN42
